 O   -0.26149356   -4.42525740    0.00000317
 C    0.54560820   -1.93146831   -0.00000508
 C   -0.35415798   -0.60057126   -2.36747189
 C   -0.35415862   -0.60057514    2.36747407
 C    0.41357186    2.16698795   -2.36902259
 C    0.41357213    2.16698801    2.36902123
 C   -0.49840751    3.50571514   -0.00000016
 H    2.61867705   -1.99202429    0.00000098
 H   -2.40908709   -0.74293858   -2.47726105
 H   -2.40908716   -0.74293822    2.47726122
 H    0.41337175   -1.54288941   -4.02589817
 H    0.41337167   -1.54288935    4.02589813
 H    2.47010750    2.30444638   -2.48214568
 H    2.47010732    2.30444617    2.48214569
 H   -0.35302041    3.09894925   -4.03327943
 H   -0.35302064    3.09894877    4.03327947
 H   -2.56052316    3.56553802    0.00000002
 H    0.17126578    5.45124964    0.00000008
 O   -0.25720783   -4.42672074    0.00000633
 C    0.53861101   -1.92965469   -0.00001015
 C   -0.35195621   -0.59933713   -2.36736087
 C   -0.35195751   -0.59934489    2.36736522
 C    0.41270388    2.16721787   -2.36947303
 C    0.41270441    2.16721799    2.36947032
 C   -0.49824993    3.50579240   -0.00000033
 H    2.61831328   -1.99548073    0.00000196
 H   -2.40909302   -0.74290054   -2.47720871
 H   -2.40909317   -0.74289981    2.47720905
 H    0.41328873   -1.54311070   -4.02578369
 H    0.41328857   -1.54311058    4.02578360
 H    2.47022981    2.30438601   -2.48213739
 H    2.47022945    2.30438559    2.48213741
 H   -0.35291636    3.09922614   -4.03328512
 H   -0.35291682    3.09922518    4.03328520
 H   -2.56052328    3.56553119    0.00000004
 H    0.17124209    5.45129484    0.00000016
 O   -0.25292209   -4.42818408    0.00000950
 C    0.53161383   -1.92784107   -0.00001523
 C   -0.34975445   -0.59810300   -2.36724984
 C   -0.34975639   -0.59811464    2.36725638
 C    0.41183590    2.16744778   -2.36992348
 C    0.41183670    2.16744796    2.36991941
 C   -0.49809234    3.50586966   -0.00000049
 H    2.61794950   -1.99893716    0.00000294
 H   -2.40909895   -0.74286250   -2.47715637
 H   -2.40909917   -0.74286141    2.47715688
 H    0.41320572   -1.54333200   -4.02566921
 H    0.41320547   -1.54333182    4.02566908
 H    2.47035213    2.30432564   -2.48212911
 H    2.47035159    2.30432500    2.48212914
 H   -0.35281231    3.09950302   -4.03329082
 H   -0.35281299    3.09950160    4.03329094
 H   -2.56052340    3.56552436    0.00000006
 H    0.17121839    5.45134003    0.00000024
 O   -0.24863636   -4.42964743    0.00001267
 C    0.52461665   -1.92602745   -0.00002030
 C   -0.34755269   -0.59686887   -2.36713882
 C   -0.34755527   -0.59688440    2.36714753
 C    0.41096792    2.16767770   -2.37037393
 C    0.41096899    2.16767794    2.37036850
 C   -0.49793475    3.50594692   -0.00000066
 H    2.61758572   -2.00239360    0.00000392
 H   -2.40910488   -0.74282446   -2.47710403
 H   -2.40910518   -0.74282300    2.47710471
 H    0.41312270   -1.54355329   -4.02555472
 H    0.41312237   -1.54355306    4.02555455
 H    2.47047444    2.30426527   -2.48212083
 H    2.47047373    2.30426442    2.48212087
 H   -0.35270826    3.09977991   -4.03329652
 H   -0.35270917    3.09977801    4.03329668
 H   -2.56052352    3.56551753    0.00000008
 H    0.17119469    5.45138523    0.00000032
 O   -0.24435063   -4.43111077    0.00001584
 C    0.51761946   -1.92421383   -0.00002538
 C   -0.34535092   -0.59563474   -2.36702779
 C   -0.34535416   -0.59565415    2.36703868
 C    0.41009994    2.16790762   -2.37082438
 C    0.41010127    2.16790792    2.37081760
 C   -0.49777716    3.50602418   -0.00000082
 H    2.61722194   -2.00585004    0.00000489
 H   -2.40911081   -0.74278642   -2.47705169
 H   -2.40911118   -0.74278460    2.47705254
 H    0.41303968   -1.54377459   -4.02544024
 H    0.41303927   -1.54377429    4.02544003
 H    2.47059676    2.30420490   -2.48211255
 H    2.47059586    2.30420384    2.48211260
 H   -0.35260421    3.10005680   -4.03330221
 H   -0.35260535    3.10005442    4.03330242
 H   -2.56052364    3.56551069    0.00000010
 H    0.17117099    5.45143042    0.00000040
 O   -0.24006490   -4.43257411    0.00001900
 C    0.51062228   -1.92240021   -0.00003045
 C   -0.34314916   -0.59440061   -2.36691676
 C   -0.34315304   -0.59442390    2.36692983
 C    0.40923196    2.16813754   -2.37127482
 C    0.40923356    2.16813790    2.37126669
 C   -0.49761958    3.50610144   -0.00000099
 H    2.61685817   -2.00930648    0.00000587
 H   -2.40911673   -0.74274838   -2.47699935
 H   -2.40911719   -0.74274620    2.47700037
 H    0.41295666   -1.54399588   -4.02532576
 H    0.41295617   -1.54399553    4.02532551
 H    2.47071907    2.30414453   -2.48210426
 H    2.47071800    2.30414326    2.48210432
 H   -0.35250016    3.10033369   -4.03330791
 H   -0.35250153    3.10033083    4.03330815
 H   -2.56052375    3.56550386    0.00000011
 H    0.17114730    5.45147562    0.00000048
 O   -0.23577917   -4.43403745    0.00002217
 C    0.50362510   -1.92058658   -0.00003553
 C   -0.34094740   -0.59316648   -2.36680574
 C   -0.34095192   -0.59319365    2.36682098
 C    0.40836398    2.16836745   -2.37172527
 C    0.40836585    2.16836788    2.37171578
 C   -0.49746199    3.50617870   -0.00000115
 H    2.61649439   -2.01276291    0.00000685
 H   -2.40912266   -0.74271034   -2.47694702
 H   -2.40912319   -0.74270779    2.47694820
 H    0.41287364   -1.54421718   -4.02521128
 H    0.41287307   -1.54421677    4.02521098
 H    2.47084139    2.30408416   -2.48209598
 H    2.47084014    2.30408268    2.48209605
 H   -0.35239611    3.10061057   -4.03331360
 H   -0.35239771    3.10060724    4.03331389
 H   -2.56052387    3.56549703    0.00000013
 H    0.17112360    5.45152081    0.00000056
 O   -0.23149343   -4.43550079    0.00002534
 C    0.49662791   -1.91877296   -0.00004060
 C   -0.33874563   -0.59193235   -2.36669471
 C   -0.33875080   -0.59196340    2.36671214
 C    0.40749600    2.16859737   -2.37217572
 C    0.40749813    2.16859785    2.37216487
 C   -0.49730440    3.50625596   -0.00000132
 H    2.61613061   -2.01621935    0.00000783
 H   -2.40912859   -0.74267230   -2.47689468
 H   -2.40912919   -0.74266939    2.47689603
 H    0.41279063   -1.54443847   -4.02509680
 H    0.41278998   -1.54443801    4.02509646
 H    2.47096370    2.30402379   -2.48208770
 H    2.47096227    2.30402210    2.48208778
 H   -0.35229206    3.10088746   -4.03331930
 H   -0.35229388    3.10088366    4.03331963
 H   -2.56052399    3.56549020    0.00000015
 H    0.17109990    5.45156601    0.00000064
 O   -0.22720770   -4.43696413    0.00002851
 C    0.48963073   -1.91695934   -0.00004568
 C   -0.33654387   -0.59069823   -2.36658369
 C   -0.33654969   -0.59073315    2.36660329
 C    0.40662803    2.16882729   -2.37262617
 C    0.40663042    2.16882783    2.37261396
 C   -0.49714682    3.50633322   -0.00000148
 H    2.61576683   -2.01967579    0.00000881
 H   -2.40913452   -0.74263426   -2.47684234
 H   -2.40913520   -0.74263098    2.47684386
 H    0.41270761   -1.54465977   -4.02498232
 H    0.41270688   -1.54465924    4.02498193
 H    2.47108602    2.30396342   -2.48207942
 H    2.47108441    2.30396151    2.48207950
 H   -0.35218801    3.10116435   -4.03332500
 H   -0.35219006    3.10116007    4.03332537
 H   -2.56052411    3.56548337    0.00000017
 H    0.17107621    5.45161120    0.00000072
 O   -0.22292197   -4.43842747    0.00003167
 C    0.48263355   -1.91514572   -0.00005075
 C   -0.33434211   -0.58946410   -2.36647266
 C   -0.33434857   -0.58950291    2.36649444
 C    0.40576005    2.16905721   -2.37307661
 C    0.40576271    2.16905781    2.37306305
 C   -0.49698923    3.50641048   -0.00000165
 H    2.61540306   -2.02313223    0.00000979
 H   -2.40914045   -0.74259622   -2.47679000
 H   -2.40914120   -0.74259258    2.47679169
 H    0.41262459   -1.54488106   -4.02486783
 H    0.41262378   -1.54488048    4.02486741
 H    2.47120833    2.30390305   -2.48207113
 H    2.47120655    2.30390093    2.48207123
 H   -0.35208396    3.10144124   -4.03333069
 H   -0.35208624    3.10143648    4.03333110
 H   -2.56052423    3.56547654    0.00000019
 H    0.17105251    5.45165640    0.00000080
 O   -0.21863624   -4.43989081    0.00003484
 C    0.47563636   -1.91333210   -0.00005583
 C   -0.33214034   -0.58822997   -2.36636163
 C   -0.33214745   -0.58827266    2.36638559
 C    0.40489207    2.16928713   -2.37352706
 C    0.40489499    2.16928779    2.37351214
 C   -0.49683164    3.50648774   -0.00000181
 H    2.61503928   -2.02658867    0.00001077
 H   -2.40914638   -0.74255818   -2.47673766
 H   -2.40914721   -0.74255418    2.47673952
 H    0.41254157   -1.54510236   -4.02475335
 H    0.41254068   -1.54510172    4.02475289
 H    2.47133065    2.30384268   -2.48206285
 H    2.47132868    2.30384035    2.48206296
 H   -0.35197991    3.10171813   -4.03333639
 H   -0.35198242    3.10171289    4.03333684
 H   -2.56052435    3.56546971    0.00000021
 H    0.17102881    5.45170159    0.00000088
 O   -0.21435051   -4.44135416    0.00003801
 C    0.46863918   -1.91151848   -0.00006090
 C   -0.32993858   -0.58699584   -2.36625061
 C   -0.32994634   -0.58704241    2.36627674
 C    0.40402409    2.16951704   -2.37397751
 C    0.40402728    2.16951777    2.37396123
 C   -0.49667406    3.50656500   -0.00000198
 H    2.61467550   -2.03004510    0.00001175
 H   -2.40915231   -0.74252014   -2.47668532
 H   -2.40915321   -0.74251577    2.47668735
 H    0.41245856   -1.54532365   -4.02463887
 H    0.41245758   -1.54532295    4.02463836
 H    2.47145297    2.30378232   -2.48205457
 H    2.47145082    2.30377977    2.48205469
 H   -0.35187586    3.10199501   -4.03334209
 H   -0.35187860    3.10198930    4.03334258
 H   -2.56052447    3.56546288    0.00000023
 H    0.17100512    5.45174679    0.00000096
 O   -0.21006477   -4.44281750    0.00004118
 C    0.46164200   -1.90970486   -0.00006598
 C   -0.32773682   -0.58576171   -2.36613958
 C   -0.32774522   -0.58581216    2.36616790
 C    0.40315611    2.16974696   -2.37442795
 C    0.40315957    2.16974775    2.37441032
 C   -0.49651647    3.50664226   -0.00000214
 H    2.61431173   -2.03350154    0.00001273
 H   -2.40915824   -0.74248209   -2.47663298
 H   -2.40915921   -0.74247737    2.47663518
 H    0.41237554   -1.54554495   -4.02452439
 H    0.41237448   -1.54554419    4.02452384
 H    2.47157528    2.30372195   -2.48204629
 H    2.47157296    2.30371919    2.48204641
 H   -0.35177181    3.10227190   -4.03334778
 H   -0.35177477    3.10226572    4.03334832
 H   -2.56052459    3.56545605    0.00000025
 H    0.17098142    5.45179198    0.00000103
 O   -0.20577904   -4.44428084    0.00004434
 C    0.45464481   -1.90789124   -0.00007105
 C   -0.32553505   -0.58452758   -2.36602856
 C   -0.32554410   -0.58458191    2.36605905
 C    0.40228813    2.16997688   -2.37487840
 C    0.40229185    2.16997772    2.37485942
 C   -0.49635888    3.50671952   -0.00000231
 H    2.61394795   -2.03695798    0.00001371
 H   -2.40916417   -0.74244405   -2.47658064
 H   -2.40916522   -0.74243896    2.47658301
 H    0.41229252   -1.54576624   -4.02440991
 H    0.41229138   -1.54576543    4.02440931
 H    2.47169760    2.30366158   -2.48203800
 H    2.47169510    2.30365861    2.48203814
 H   -0.35166776    3.10254879   -4.03335348
 H   -0.35167095    3.10254213    4.03335405
 H   -2.56052471    3.56544922    0.00000027
 H    0.17095772    5.45183718    0.00000111
 O   -0.20149331   -4.44574418    0.00004751
 C    0.44764763   -1.90607762   -0.00007613
 C   -0.32333329   -0.58329345   -2.36591753
 C   -0.32334299   -0.58335166    2.36595020
 C    0.40142015    2.17020680   -2.37532885
 C    0.40142414    2.17020770    2.37530851
 C   -0.49620129    3.50679678   -0.00000247
 H    2.61358417   -2.04041442    0.00001468
 H   -2.40917010   -0.74240601   -2.47652830
 H   -2.40917122   -0.74240056    2.47653084
 H    0.41220950   -1.54598754   -4.02429543
 H    0.41220828   -1.54598666    4.02429479
 H    2.47181991    2.30360121   -2.48202972
 H    2.47181723    2.30359802    2.48202987
 H   -0.35156371    3.10282568   -4.03335917
 H   -0.35156713    3.10281854    4.03335979
 H   -2.56052483    3.56544238    0.00000029
 H    0.17093402    5.45188237    0.00000119
 O   -0.19720758   -4.44720752    0.00005068
 C    0.44065045   -1.90426400   -0.00008120
 C   -0.32113153   -0.58205932   -2.36580650
 C   -0.32114187   -0.58212142    2.36584135
 C    0.40055217    2.17043671   -2.37577930
 C    0.40055643    2.17043768    2.37575760
 C   -0.49604371    3.50687404   -0.00000264
 H    2.61322039   -2.04387086    0.00001566
 H   -2.40917603   -0.74236797   -2.47647596
 H   -2.40917723   -0.74236216    2.47647867
 H    0.41212648   -1.54620883   -4.02418094
 H    0.41212518   -1.54620790    4.02418027
 H    2.47194223    2.30354084   -2.48202144
 H    2.47193937    2.30353744    2.48202159
 H   -0.35145966    3.10310256   -4.03336487
 H   -0.35146331    3.10309495    4.03336553
 H   -2.56052495    3.56543555    0.00000031
 H    0.17091033    5.45192757    0.00000127
 O   -0.19292185   -4.44867086    0.00005385
 C    0.43365326   -1.90245038   -0.00008628
 C   -0.31892977   -0.58082519   -2.36569548
 C   -0.31894075   -0.58089117    2.36573250
 C    0.39968419    2.17066663   -2.37622974
 C    0.39968871    2.17066766    2.37620669
 C   -0.49588612    3.50695130   -0.00000280
 H    2.61285662   -2.04732729    0.00001664
 H   -2.40918196   -0.74232993   -2.47642362
 H   -2.40918323   -0.74232375    2.47642650
 H    0.41204347   -1.54643013   -4.02406646
 H    0.41204208   -1.54642914    4.02406574
 H    2.47206454    2.30348047   -2.48201316
 H    2.47206151    2.30347686    2.48201332
 H   -0.35135561    3.10337945   -4.03337057
 H   -0.35135949    3.10337136    4.03337127
 H   -2.56052506    3.56542872    0.00000032
 H    0.17088663    5.45197276    0.00000135
 O   -0.18863611   -4.45013420    0.00005701
 C    0.42665608   -1.90063676   -0.00009135
 C   -0.31672800   -0.57959106   -2.36558445
 C   -0.31673963   -0.57966092    2.36562366
 C    0.39881621    2.17089655   -2.37668019
 C    0.39882100    2.17089764    2.37665578
 C   -0.49572853    3.50702856   -0.00000297
 H    2.61249284   -2.05078373    0.00001762
 H   -2.40918788   -0.74229189   -2.47637128
 H   -2.40918924   -0.74228535    2.47637433
 H    0.41196045   -1.54665142   -4.02395198
 H    0.41195898   -1.54665038    4.02395122
 H    2.47218686    2.30342010   -2.48200487
 H    2.47218364    2.30341628    2.48200505
 H   -0.35125156    3.10365634   -4.03337626
 H   -0.35125566    3.10364778    4.03337700
 H   -2.56052518    3.56542189    0.00000034
 H    0.17086293    5.45201796    0.00000143
 O   -0.18435038   -4.45159754    0.00006018
 C    0.41965890   -1.89882314   -0.00009643
 C   -0.31452624   -0.57835693   -2.36547343
 C   -0.31453852   -0.57843067    2.36551481
 C    0.39794823    2.17112647   -2.37713064
 C    0.39795329    2.17112761    2.37710487
 C   -0.49557095    3.50710582   -0.00000313
 H    2.61212906   -2.05424017    0.00001860
 H   -2.40919381   -0.74225385   -2.47631894
 H   -2.40919524   -0.74224694    2.47632215
 H    0.41187743   -1.54687272   -4.02383750
 H    0.41187588   -1.54687161    4.02383669
 H    2.47230917    2.30335973   -2.48199659
 H    2.47230578    2.30335570    2.48199677
 H   -0.35114751    3.10393323   -4.03338196
 H   -0.35115184    3.10392419    4.03338274
 H   -2.56052530    3.56541506    0.00000036
 H    0.17083924    5.45206315    0.00000151
 O   -0.18006465   -4.45306089    0.00006335
 C    0.41266171   -1.89700951   -0.00010150
 C   -0.31232448   -0.57712280   -2.36536240
 C   -0.31233740   -0.57720042    2.36540596
 C    0.39708025    2.17135639   -2.37758109
 C    0.39708557    2.17135759    2.37755396
 C   -0.49541336    3.50718308   -0.00000330
 H    2.61176529   -2.05769661    0.00001958
 H   -2.40919974   -0.74221581   -2.47626661
 H   -2.40920124   -0.74220854    2.47626998
 H    0.41179441   -1.54709401   -4.02372302
 H    0.41179278   -1.54709285    4.02372217
 H    2.47243149    2.30329936   -2.48198831
 H    2.47242792    2.30329512    2.48198850
 H   -0.35104346    3.10421011   -4.03338766
 H   -0.35104802    3.10420060    4.03338848
 H   -2.56052542    3.56540823    0.00000038
 H    0.17081554    5.45210835    0.00000159
