    5.412529829892538e+00
    1.245654996102710e-01
    1.086013632726252e+01
    2.256665960678709e+00
   -7.779842897695291e+00
   -1.454177752036351e-01
   -2.616609206643800e-01
    8.276657964679930e-01
    1.307019827158672e+00
    1.456144170419257e+00
    2.143203911751246e+00
    8.984186222326054e+00
    4.663129096112134e-01
   -4.899174720612451e-01
   -5.835897468775594e+00
   -1.124327305446065e+01
   -1.450768235533587e+00
    1.890350791540329e-02
   -4.433730876418738e-01
   -2.406400005018901e-01
   -1.291017287789116e+00
   -2.261060676820899e-01
    3.439336025247403e-01
    1.101362472901804e-01
   -5.949337576681066e-01
   -1.348280899367001e-01
    1.360512679774572e-01
   -2.347067218026100e-14
   -4.846993347362707e-16
   -3.442319592779776e-15
   -1.551368965133100e-14
   -2.744744159801763e-14
    2.183138291312113e-14
    2.813075530691838e-15
   -7.769737776684168e-15
   -6.802011513462111e-15
    3.003376426909699e-15
    1.136464677603637e-14
    4.500442493997920e-15
   -9.695953010891091e-15
    1.330690907924588e-14
    5.717551028041448e-15
   -3.589711477428052e-15
    2.202214218769193e-15
   -3.230915462249023e-17
    1.158382877196785e-16
    2.924917061002275e-16
    1.770321594185627e-18
