0.0045423
0.00405856
0.00362849
0.00325138
0.00292653
0.00265321
0.00243075
0.0022585
0.00213592
0.00206259
0.00203825
0.00206278
0.0021363
0.00225904
0.00243144
0.00265403
0.00292744
0.00325237
0.00362951
0.00405959
0.00454329
0.00413303
0.00366357
0.00324728
0.0028833
0.00257068
0.00230845
0.00209563
0.00193129
0.00181459
0.00174489
0.00172176
0.00174505
0.00181491
0.00193174
0.00209621
0.00230912
0.00257142
0.00288407
0.00324805
0.0036643
0.0041337
0.00376302
0.00330854
0.00290699
0.00255731
0.00225831
0.00200868
0.00180706
0.00165207
0.00154245
0.00147717
0.00145554
0.00147731
0.00154271
0.00165244
0.00180752
0.0020092
0.00225886
0.00255787
0.00290752
0.003309
0.00376339
0.003431
0.00299198
0.00260594
0.00227165
0.00198768
0.00175235
0.0015638
0.00142004
0.00131912
0.00125936
0.00123962
0.00125947
0.00131932
0.00142032
0.00156414
0.00175273
0.00198806
0.002272
0.00260622
0.00299218
0.00343108
0.00313581
0.00271237
0.00234228
0.00202424
0.00175662
0.00153738
0.00136409
0.00123394
0.00114394
0.00109132
0.00107406
0.0010914
0.0011441
0.00123415
0.00136432
0.00153761
0.00175683
0.0020244
0.00234236
0.00271233
0.00313563
0.00287653
0.00246836
0.0021142
0.0018128
0.00156247
0.00136097
0.00120534
0.00109179
0.00101582
0.000972757
0.000958904
0.000972815
0.00101592
0.00109192
0.00120547
0.00136108
0.00156252
0.00181278
0.00211408
0.00246811
0.00287614
0.00265267
0.00225892
0.00192005
0.00163499
0.00140222
0.00121955
0.0010838
0.00099033
0.000932702
0.000903071
0.000894224
0.000903104
0.000932755
0.000990383
0.00108383
0.00121954
0.00140213
0.00163482
0.00191977
0.00225851
0.0026521
0.00246422
0.00208357
0.00175869
0.0014888
0.00127278
0.00110888
0.000994271
0.000924199
0.0008906
0.000880857
0.000880087
0.000880867
0.000890607
0.000924185
0.000994217
0.00110877
0.00127259
0.00148851
0.00175829
0.00208303
0.00246352
0.00231178
0.00194252
0.00162973
0.00137298
0.00117163
0.00102466
0.000930261
0.000884953
0.000881258
0.000902283
0.000916566
0.00090227
0.000881225
0.000884886
0.000930147
0.00102448
0.00117137
0.00137262
0.00162925
0.0019419
0.002311
0.00219651
0.00183671
0.00153375
0.00128745
0.00109757
0.000963761
0.00088541
0.000861266
0.000888077
0.00095408
0.00100374
0.000954053
0.000888025
0.000861179
0.000885273
0.00096356
0.00109729
0.00128707
0.00153325
0.00183607
0.00219571
0.00212005
0.00176776
0.00147226
0.00123346
0.00105127
0.000925592
0.000856348
0.000843444
0.000886795
0.000986313
0.00114171
0.000986304
0.000886765
0.00084338
0.000856234
0.000925415
0.00105101
0.0012331
0.00147179
0.00176715
0.00211928
0.00208437
0.0017378
0.00144755
0.00121346
0.00103528
0.000912697
0.000845128
0.000831411
0.000868494
0.00094502
0.00100226
0.00094506
0.000868524
0.00083141
0.00084508
0.000912586
0.00103509
0.00121317
0.00144715
0.00173726
0.00208367
0.00209157
0.00174919
0.00146234
0.00123063
0.00105349
0.000930002
0.000858536
0.000835851
0.000854599
0.000896338
0.00092082
0.000896413
0.000854697
0.000835935
0.000858582
0.000929991
0.0010534
0.00123045
0.00146205
0.00174877
0.00209099
0.00214379
0.00180439
0.0015195
0.00128845
0.00111025
0.000983316
0.000904976
0.000870372
0.000870272
0.00088762
0.000898067
0.000887723
0.000870433
0.000870547
0.000905131
0.000983426
0.00111029
0.00128841
0.00151935
0.00180411
0.00214337
0.00224309
0.00190575
0.00162178
0.00139024
0.00120972
0.00107809
0.000991924
0.000945609
0.000929965
0.000931298
0.000934255
0.000931429
0.000930188
0.000945877
0.000992197
0.00107834
0.00120992
0.00139036
0.00162181
0.00190565
0.00224285
0.00239134
0.00205542
0.00177171
0.001539
0.00135556
0.00121885
0.00112507
0.00106848
0.00104077
0.00103126
0.00102965
0.00103142
0.00104105
0.00106884
0.00112547
0.00121925
0.00135592
0.0015393
0.00177193
0.00205553
0.00239132
0.00259026
0.00225535
0.0019715
0.00173729
0.00155076
0.00140913
0.00130848
0.00124329
0.00120631
0.00118916
0.00118452
0.00118935
0.00120665
0.00124374
0.001309
0.00140968
0.0015513
0.00173779
0.00197193
0.00225569
0.00259048
0.00284137
0.00250723
0.00222305
0.00198726
0.00179775
0.00165163
0.001545
0.00147276
0.00142863
0.00140591
0.00139913
0.00140613
0.00142904
0.00147331
0.00154565
0.00165233
0.00179847
0.00198797
0.00222371
0.00250781
0.00284186
0.00314603
0.00281253
0.00252798
0.00229069
0.00209846
0.00194838
0.00183669
0.00175871
0.00170901
0.00168212
0.00167379
0.00168237
0.00170948
0.00175936
0.00183748
0.00194925
0.00209938
0.00229162
0.00252888
0.00281338
0.00314679
0.00350542
0.00317254
0.00288767
0.00264905
0.00245444
0.00230097
0.00218505
0.00210242
0.00204835
0.00201826
0.00200876
0.00201854
0.00204888
0.00210318
0.00218598
0.00230201
0.00245556
0.00265021
0.00288883
0.00317366
0.00350648
0.00392058
0.00358837
0.0033033
0.00306359
0.00286696
0.00271064
0.00259123
0.00250484
0.0024473
0.00241474
0.00240434
0.00241506
0.00244791
0.0025057
0.0025923
0.00271186
0.00286829
0.00306498
0.00330473
0.00358979
0.00392196
