0.00907724
0.00844406
0.00787487
0.00737033
0.00693113
0.00655798
0.00625154
0.00601245
0.00584124
0.00573832
0.00570395
0.00573823
0.00584107
0.0060122
0.00625123
0.00655761
0.00693073
0.00736991
0.00787446
0.00844367
0.00907687
0.0084305
0.00778832
0.00721005
0.00669654
0.00624871
0.00586753
0.00555395
0.00530889
0.00513317
0.00502745
0.00499213
0.00502737
0.00513302
0.00530867
0.00555367
0.00586722
0.00624839
0.00669621
0.00720973
0.00778804
0.00843026
0.00785106
0.00719916
0.00661087
0.00608722
0.00562938
0.00523864
0.00491636
0.00466388
0.00448246
0.00437314
0.0043366
0.00437307
0.00448233
0.00466369
0.00491613
0.00523839
0.00562913
0.00608698
0.00661066
0.007199
0.00785096
0.00734043
0.00667833
0.00607924
0.00554435
0.00507508
0.00467309
0.00434022
0.00407846
0.00388973
0.0037757
0.00373754
0.00377564
0.00388961
0.0040783
0.00434005
0.00467291
0.00507491
0.00554421
0.00607915
0.00667829
0.00734045
0.00689999
0.00622758
0.00561723
0.00507025
0.00458823
0.00417319
0.00382755
0.00355411
0.00335584
0.00323551
0.00319514
0.00323546
0.00335575
0.003554
0.00382743
0.00417309
0.00458815
0.00507021
0.00561724
0.00622765
0.00690014
0.00653093
0.0058485
0.00522693
0.00466746
0.00417174
0.003742
0.00338119
0.00309309
0.00288217
0.00275311
0.00270959
0.00275307
0.00288211
0.00309302
0.00338113
0.00374197
0.00417174
0.00466751
0.00522704
0.00584868
0.00653117
0.006234
0.0055424
0.00491024
0.00433857
0.00382889
0.00338336
0.00300516
0.00269891
0.00247103
0.00232936
0.00228111
0.00232934
0.002471
0.00269888
0.00300516
0.0033834
0.00382897
0.00433871
0.00491043
0.00554266
0.00623433
0.00600949
0.00531003
0.00466858
0.00408589
0.00356305
0.00310179
0.00270493
0.00237721
0.00212668
0.00196595
0.0019099
0.00196595
0.00212668
0.00237723
0.00270498
0.00310188
0.00356319
0.00408608
0.00466883
0.00531035
0.00600987
0.0058571
0.00515149
0.00450264
0.00391094
0.00337702
0.00290187
0.00248729
0.00213674
0.00185768
0.00166701
0.00159618
0.00166703
0.00185771
0.00213679
0.00248738
0.002902
0.00337719
0.00391116
0.00450292
0.00515183
0.00585749
0.00577595
0.00506613
0.00441214
0.00381413
0.00327232
0.00278705
0.0023589
0.00198912
0.00168094
0.00144612
0.00134018
0.00144614
0.00168098
0.00198918
0.00235899
0.00278718
0.00327249
0.00381435
0.0044124
0.00506645
0.00577632
0.00576474
0.00505264
0.00439588
0.00379451
0.0032486
0.00275823
0.00232346
0.00194436
0.00162103
0.00135352
0.00114212
0.00135352
0.00162104
0.0019444
0.00232352
0.00275832
0.00324874
0.00379469
0.0043961
0.00505292
0.00576506
0.00582183
0.00510925
0.00445191
0.00384997
0.00330362
0.0028132
0.00237923
0.00200289
0.00168719
0.00144351
0.00133055
0.00144346
0.00168715
0.00200286
0.00237923
0.00281322
0.00330369
0.00385008
0.00445206
0.00510945
0.00582208
0.00594545
0.00523391
0.00457785
0.00397766
0.00343386
0.00294737
0.00251979
0.00215434
0.00185836
0.00165029
0.00157036
0.00165021
0.00185825
0.00215423
0.0025197
0.00294731
0.00343384
0.00397767
0.00457791
0.00523401
0.0059456
0.00613382
0.00542452
0.00477119
0.00417447
0.00363532
0.0031553
0.00273707
0.00238548
0.00210973
0.00192687
0.00186126
0.00192677
0.00210956
0.00238529
0.00273689
0.00315514
0.00363519
0.00417437
0.00477114
0.00542451
0.00613385
0.00638525
0.00567912
0.00502954
0.00443744
0.00390419
0.0034319
0.00302398
0.00268603
0.0024272
0.00226119
0.00220335
0.00226107
0.00242699
0.00268576
0.0030237
0.00343163
0.00390394
0.00443722
0.00502936
0.00567898
0.00638516
0.00669824
0.0059959
0.00535075
0.00476395
0.0042372
0.00377302
0.0033752
0.00304945
0.00280408
0.00264974
0.00259674
0.00264959
0.00280382
0.00304912
0.00337483
0.00377265
0.00423683
0.0047636
0.00535044
0.00599563
0.00669801
0.00707146
0.00637334
0.005733
0.00515182
0.00463175
0.00417552
0.00378706
0.00347184
0.00323711
0.00309125
0.00304157
0.00309108
0.00323681
0.00347144
0.0037866
0.00417504
0.00463127
0.00515136
0.00573256
0.00637293
0.00707109
0.00750378
0.00681012
0.00617479
0.00559932
0.00508581
0.00463711
0.0042571
0.00395087
0.00372467
0.00358521
0.00353794
0.00358503
0.00372434
0.00395041
0.00425656
0.00463653
0.00508522
0.00559873
0.00617422
0.00680958
0.00750327
0.00799428
0.0073052
0.00667491
0.00610508
0.00559786
0.00515616
0.00478369
0.00448513
0.00426589
0.00413144
0.00408601
0.00413124
0.00426552
0.00448462
0.00478308
0.00515549
0.00559716
0.00610437
0.00667421
0.00730452
0.00799363
0.00854218
0.0078577
0.00723241
0.00666803
0.00616678
0.00573151
0.00536575
0.00507378
0.0048603
0.00472987
0.0046859
0.00472966
0.0048599
0.00507322
0.00536507
0.00573075
0.00616598
0.00666721
0.00723158
0.00785689
0.0085414
0.00914687
0.00846695
0.00784654
0.00728739
0.00679174
0.00636235
0.00600257
0.0057163
0.00550767
0.00538055
0.00533776
0.00538032
0.00550724
0.00571569
0.00600182
0.0063615
0.00679084
0.00728646
0.00784559
0.00846601
0.00914595
