 O   -0.27006502   -4.42233072   -0.00000317
 C    0.55960256   -1.93509555    0.00000508
 C   -0.35856150   -0.60303952   -2.36769395
 C   -0.35856086   -0.60303564    2.36769177
 C    0.41530782    2.16652811   -2.36812169
 C    0.41530755    2.16652805    2.36812305
 C   -0.49872269    3.50556062    0.00000016
 H    2.61940461   -1.98511141   -0.00000098
 H   -2.40907523   -0.74301466   -2.47736573
 H   -2.40907516   -0.74301502    2.47736556
 H    0.41353779   -1.54244681   -4.02612713
 H    0.41353787   -1.54244687    4.02612717
 H    2.46986286    2.30456712   -2.48216224
 H    2.46986304    2.30456733    2.48216223
 H   -0.35322851    3.09839547   -4.03326803
 H   -0.35322828    3.09839595    4.03326799
 H   -2.56052292    3.56555168   -0.00000002
 H    0.17131318    5.45115926   -0.00000008
 O   -0.27435075   -4.42086738   -0.00000633
 C    0.56659975   -1.93690917    0.00001015
 C   -0.36076327   -0.60427365   -2.36780497
 C   -0.36076197   -0.60426589    2.36780062
 C    0.41617580    2.16629819   -2.36767125
 C    0.41617527    2.16629807    2.36767396
 C   -0.49888027    3.50548336    0.00000033
 H    2.61976838   -1.98165497   -0.00000196
 H   -2.40906930   -0.74305270   -2.47741807
 H   -2.40906915   -0.74305343    2.47741773
 H    0.41362081   -1.54222552   -4.02624161
 H    0.41362097   -1.54222564    4.02624170
 H    2.46974055    2.30462749   -2.48217053
 H    2.46974091    2.30462791    2.48217051
 H   -0.35333256    3.09811858   -4.03326234
 H   -0.35333210    3.09811954    4.03326226
 H   -2.56052280    3.56555851   -0.00000004
 H    0.17133687    5.45111406   -0.00000016
 O   -0.27863649   -4.41940404   -0.00000950
 C    0.57359693   -1.93872279    0.00001523
 C   -0.36296503   -0.60550778   -2.36791600
 C   -0.36296309   -0.60549614    2.36790946
 C    0.41704378    2.16606828   -2.36722080
 C    0.41704298    2.16606810    2.36722487
 C   -0.49903786    3.50540610    0.00000049
 H    2.62013216   -1.97819854   -0.00000294
 H   -2.40906337   -0.74309074   -2.47747041
 H   -2.40906315   -0.74309183    2.47746990
 H    0.41370382   -1.54200422   -4.02635609
 H    0.41370407   -1.54200440    4.02635622
 H    2.46961823    2.30468786   -2.48217881
 H    2.46961877    2.30468850    2.48217878
 H   -0.35343661    3.09784170   -4.03325664
 H   -0.35343593    3.09784312    4.03325652
 H   -2.56052268    3.56556534   -0.00000006
 H    0.17136057    5.45106887   -0.00000024
 O   -0.28292222   -4.41794069   -0.00001267
 C    0.58059411   -1.94053641    0.00002030
 C   -0.36516679   -0.60674191   -2.36802702
 C   -0.36516421   -0.60672638    2.36801831
 C    0.41791176    2.16583836   -2.36677035
 C    0.41791069    2.16583812    2.36677578
 C   -0.49919545    3.50532884    0.00000066
 H    2.62049594   -1.97474210   -0.00000392
 H   -2.40905744   -0.74312878   -2.47752275
 H   -2.40905714   -0.74313024    2.47752207
 H    0.41378684   -1.54178293   -4.02647058
 H    0.41378717   -1.54178316    4.02647075
 H    2.46949592    2.30474823   -2.48218709
 H    2.46949663    2.30474908    2.48218705
 H   -0.35354066    3.09756481   -4.03325094
 H   -0.35353975    3.09756671    4.03325078
 H   -2.56052256    3.56557217   -0.00000008
 H    0.17138427    5.45102367   -0.00000032
 O   -0.28720795   -4.41647735   -0.00001584
 C    0.58759130   -1.94235003    0.00002538
 C   -0.36736856   -0.60797604   -2.36813805
 C   -0.36736532   -0.60795663    2.36812716
 C    0.41877974    2.16560844   -2.36631990
 C    0.41877841    2.16560814    2.36632668
 C   -0.49935304    3.50525158    0.00000082
 H    2.62085972   -1.97128566   -0.00000489
 H   -2.40905151   -0.74316682   -2.47757509
 H   -2.40905114   -0.74316864    2.47757424
 H    0.41386986   -1.54156163   -4.02658506
 H    0.41387027   -1.54156193    4.02658527
 H    2.46937360    2.30480860   -2.48219537
 H    2.46937450    2.30480966    2.48219532
 H   -0.35364471    3.09728792   -4.03324525
 H   -0.35364357    3.09729030    4.03324504
 H   -2.56052244    3.56557901   -0.00000010
 H    0.17140797    5.45097848   -0.00000040
 O   -0.29149368   -4.41501401   -0.00001900
 C    0.59458848   -1.94416365    0.00003045
 C   -0.36957032   -0.60921017   -2.36824908
 C   -0.36956644   -0.60918688    2.36823601
 C    0.41964772    2.16537852   -2.36586946
 C    0.41964612    2.16537816    2.36587759
 C   -0.49951062    3.50517432    0.00000099
 H    2.62122349   -1.96782922   -0.00000587
 H   -2.40904559   -0.74320486   -2.47762743
 H   -2.40904513   -0.74320704    2.47762641
 H    0.41395288   -1.54134034   -4.02669954
 H    0.41395337   -1.54134069    4.02669979
 H    2.46925129    2.30486897   -2.48220366
 H    2.46925236    2.30487024    2.48220360
 H   -0.35374876    3.09701103   -4.03323955
 H   -0.35374739    3.09701389    4.03323931
 H   -2.56052233    3.56558584   -0.00000011
 H    0.17143166    5.45093328   -0.00000048
 O   -0.29577941   -4.41355067   -0.00002217
 C    0.60158566   -1.94597728    0.00003553
 C   -0.37177208   -0.61044430   -2.36836010
 C   -0.37176756   -0.61041713    2.36834486
 C    0.42051570    2.16514861   -2.36541901
 C    0.42051383    2.16514818    2.36542850
 C   -0.49966821    3.50509706    0.00000115
 H    2.62158727   -1.96437279   -0.00000685
 H   -2.40903966   -0.74324290   -2.47767976
 H   -2.40903913   -0.74324545    2.47767858
 H    0.41403590   -1.54111904   -4.02681402
 H    0.41403647   -1.54111945    4.02681432
 H    2.46912897    2.30492934   -2.48221194
 H    2.46913022    2.30493082    2.48221187
 H   -0.35385281    3.09673415   -4.03323386
 H   -0.35385121    3.09673748    4.03323357
 H   -2.56052221    3.56559267   -0.00000013
 H    0.17145536    5.45088809   -0.00000056
 O   -0.30006515   -4.41208733   -0.00002534
 C    0.60858285   -1.94779090    0.00004060
 C   -0.37397385   -0.61167843   -2.36847113
 C   -0.37396868   -0.61164738    2.36845370
 C    0.42138368    2.16491869   -2.36496856
 C    0.42138155    2.16491821    2.36497941
 C   -0.49982580    3.50501980    0.00000132
 H    2.62195105   -1.96091635   -0.00000783
 H   -2.40903373   -0.74328094   -2.47773210
 H   -2.40903313   -0.74328385    2.47773075
 H    0.41411891   -1.54089775   -4.02692850
 H    0.41411956   -1.54089821    4.02692884
 H    2.46900666    2.30498971   -2.48222022
 H    2.46900809    2.30499140    2.48222014
 H   -0.35395686    3.09645726   -4.03322816
 H   -0.35395504    3.09646106    4.03322783
 H   -2.56052209    3.56559950   -0.00000015
 H    0.17147906    5.45084289   -0.00000064
 O   -0.30435088   -4.41062399   -0.00002851
 C    0.61558003   -1.94960452    0.00004568
 C   -0.37617561   -0.61291255   -2.36858215
 C   -0.37616979   -0.61287763    2.36856255
 C    0.42225165    2.16468877   -2.36451811
 C    0.42224926    2.16468823    2.36453032
 C   -0.49998338    3.50494254    0.00000148
 H    2.62231483   -1.95745991   -0.00000881
 H   -2.40902780   -0.74331898   -2.47778444
 H   -2.40902712   -0.74332226    2.47778292
 H    0.41420193   -1.54067645   -4.02704298
 H    0.41420266   -1.54067698    4.02704337
 H    2.46888434    2.30505008   -2.48222850
 H    2.46888595    2.30505199    2.48222842
 H   -0.35406091    3.09618037   -4.03322246
 H   -0.35405886    3.09618465    4.03322209
 H   -2.56052197    3.56560633   -0.00000017
 H    0.17150275    5.45079770   -0.00000072
 O   -0.30863661   -4.40916065   -0.00003167
 C    0.62257721   -1.95141814    0.00005075
 C   -0.37837737   -0.61414668   -2.36869318
 C   -0.37837091   -0.61410787    2.36867140
 C    0.42311963    2.16445885   -2.36406767
 C    0.42311697    2.16445825    2.36408123
 C   -0.50014097    3.50486528    0.00000165
 H    2.62267860   -1.95400347   -0.00000979
 H   -2.40902187   -0.74335702   -2.47783678
 H   -2.40902112   -0.74336066    2.47783509
 H    0.41428495   -1.54045516   -4.02715747
 H    0.41428576   -1.54045574    4.02715789
 H    2.46876203    2.30511045   -2.48223679
 H    2.46876381    2.30511257    2.48223669
 H   -0.35416496    3.09590348   -4.03321677
 H   -0.35416268    3.09590824    4.03321636
 H   -2.56052185    3.56561316   -0.00000019
 H    0.17152645    5.45075250   -0.00000080
 O   -0.31292234   -4.40769731   -0.00003484
 C    0.62957440   -1.95323176    0.00005583
 C   -0.38057914   -0.61538081   -2.36880421
 C   -0.38057203   -0.61533812    2.36878025
 C    0.42398761    2.16422893   -2.36361722
 C    0.42398469    2.16422827    2.36363214
 C   -0.50029856    3.50478802    0.00000181
 H    2.62304238   -1.95054703   -0.00001077
 H   -2.40901594   -0.74339506   -2.47788912
 H   -2.40901511   -0.74339906    2.47788726
 H    0.41436797   -1.54023386   -4.02727195
 H    0.41436886   -1.54023450    4.02727241
 H    2.46863971    2.30517082   -2.48224507
 H    2.46864168    2.30517315    2.48224496
 H   -0.35426901    3.09562659   -4.03321107
 H   -0.35426650    3.09563183    4.03321062
 H   -2.56052173    3.56561999   -0.00000021
 H    0.17155015    5.45070731   -0.00000088
 O   -0.31720807   -4.40623396   -0.00003801
 C    0.63657158   -1.95504538    0.00006090
 C   -0.38278090   -0.61661494   -2.36891523
 C   -0.38277314   -0.61656837    2.36888910
 C    0.42485559    2.16399902   -2.36316677
 C    0.42485240    2.16399829    2.36318305
 C   -0.50045614    3.50471076    0.00000198
 H    2.62340616   -1.94709060   -0.00001175
 H   -2.40901001   -0.74343310   -2.47794146
 H   -2.40900911   -0.74343747    2.47793943
 H    0.41445098   -1.54001257   -4.02738643
 H    0.41445196   -1.54001327    4.02738694
 H    2.46851739    2.30523118   -2.48225335
 H    2.46851954    2.30523373    2.48225323
 H   -0.35437306    3.09534971   -4.03320537
 H   -0.35437032    3.09535542    4.03320488
 H   -2.56052161    3.56562682   -0.00000023
 H    0.17157384    5.45066211   -0.00000096
 O   -0.32149381   -4.40477062   -0.00004118
 C    0.64356876   -1.95685900    0.00006598
 C   -0.38498266   -0.61784907   -2.36902626
 C   -0.38497426   -0.61779862    2.36899794
 C    0.42572357    2.16376910   -2.36271633
 C    0.42572011    2.16376831    2.36273396
 C   -0.50061373    3.50463350    0.00000214
 H    2.62376993   -1.94363416   -0.00001273
 H   -2.40900408   -0.74347115   -2.47799380
 H   -2.40900311   -0.74347587    2.47799160
 H    0.41453400   -1.53979127   -4.02750091
 H    0.41453506   -1.53979203    4.02750146
 H    2.46839508    2.30529155   -2.48226163
 H    2.46839740    2.30529431    2.48226151
 H   -0.35447711    3.09507282   -4.03319968
 H   -0.35447415    3.09507900    4.03319914
 H   -2.56052149    3.56563365   -0.00000025
 H    0.17159754    5.45061692   -0.00000103
 O   -0.32577954   -4.40330728   -0.00004434
 C    0.65056595   -1.95867262    0.00007105
 C   -0.38718443   -0.61908320   -2.36913728
 C   -0.38717538   -0.61902887    2.36910679
 C    0.42659155    2.16353918   -2.36226588
 C    0.42658783    2.16353834    2.36228486
 C   -0.50077132    3.50455624    0.00000231
 H    2.62413371   -1.94017772   -0.00001371
 H   -2.40899815   -0.74350919   -2.47804614
 H   -2.40899710   -0.74351428    2.47804377
 H    0.41461702   -1.53956998   -4.02761539
 H    0.41461816   -1.53957079    4.02761599
 H    2.46827276    2.30535192   -2.48226992
 H    2.46827526    2.30535489    2.48226978
 H   -0.35458116    3.09479593   -4.03319398
 H   -0.35457797    3.09480259    4.03319341
 H   -2.56052137    3.56564048   -0.00000027
 H    0.17162124    5.45057172   -0.00000111
 O   -0.33006527   -4.40184394   -0.00004751
 C    0.65756313   -1.96048624    0.00007613
 C   -0.38938619   -0.62031733   -2.36924831
 C   -0.38937649   -0.62025912    2.36921564
 C    0.42745953    2.16330926   -2.36181543
 C    0.42745554    2.16330836    2.36183577
 C   -0.50092891    3.50447898    0.00000247
 H    2.62449749   -1.93672128   -0.00001468
 H   -2.40899222   -0.74354723   -2.47809848
 H   -2.40899110   -0.74355268    2.47809594
 H    0.41470004   -1.53934868   -4.02772987
 H    0.41470126   -1.53934956    4.02773051
 H    2.46815045    2.30541229   -2.48227820
 H    2.46815313    2.30541548    2.48227805
 H   -0.35468521    3.09451904   -4.03318829
 H   -0.35468179    3.09452618    4.03318767
 H   -2.56052125    3.56564732   -0.00000029
 H    0.17164494    5.45052653   -0.00000119
 O   -0.33435100   -4.40038060   -0.00005068
 C    0.66456031   -1.96229986    0.00008120
 C   -0.39158795   -0.62155146   -2.36935934
 C   -0.39157761   -0.62148936    2.36932449
 C    0.42832751    2.16307935   -2.36136498
 C    0.42832325    2.16307838    2.36138668
 C   -0.50108649    3.50440172    0.00000264
 H    2.62486127   -1.93326484   -0.00001566
 H   -2.40898629   -0.74358527   -2.47815082
 H   -2.40898509   -0.74359108    2.47814811
 H    0.41478306   -1.53912739   -4.02784436
 H    0.41478436   -1.53912832    4.02784503
 H    2.46802813    2.30547266   -2.48228648
 H    2.46803099    2.30547606    2.48228633
 H   -0.35478926    3.09424216   -4.03318259
 H   -0.35478561    3.09424977    4.03318193
 H   -2.56052113    3.56565415   -0.00000031
 H    0.17166863    5.45048133   -0.00000127
 O   -0.33863673   -4.39891726   -0.00005385
 C    0.67155750   -1.96411348    0.00008628
 C   -0.39378971   -0.62278559   -2.36947036
 C   -0.39377873   -0.62271961    2.36943334
 C    0.42919549    2.16284943   -2.36091454
 C    0.42919097    2.16284840    2.36093759
 C   -0.50124408    3.50432446    0.00000280
 H    2.62522504   -1.92980841   -0.00001664
 H   -2.40898036   -0.74362331   -2.47820316
 H   -2.40897909   -0.74362949    2.47820028
 H    0.41486607   -1.53890609   -4.02795884
 H    0.41486746   -1.53890708    4.02795956
 H    2.46790582    2.30553303   -2.48229476
 H    2.46790885    2.30553664    2.48229460
 H   -0.35489331    3.09396527   -4.03317689
 H   -0.35488943    3.09397336    4.03317619
 H   -2.56052102    3.56566098   -0.00000032
 H    0.17169233    5.45043614   -0.00000135
 O   -0.34292247   -4.39745392   -0.00005701
 C    0.67855468   -1.96592710    0.00009135
 C   -0.39599148   -0.62401972   -2.36958139
 C   -0.39597985   -0.62394986    2.36954218
 C    0.43006347    2.16261951   -2.36046409
 C    0.43005868    2.16261842    2.36048850
 C   -0.50140167    3.50424720    0.00000297
 H    2.62558882   -1.92635197   -0.00001762
 H   -2.40897444   -0.74366135   -2.47825550
 H   -2.40897308   -0.74366789    2.47825245
 H    0.41494909   -1.53868480   -4.02807332
 H    0.41495056   -1.53868584    4.02807408
 H    2.46778350    2.30559340   -2.48230305
 H    2.46778672    2.30559722    2.48230287
 H   -0.35499736    3.09368838   -4.03317120
 H   -0.35499326    3.09369694    4.03317046
 H   -2.56052090    3.56566781   -0.00000034
 H    0.17171603    5.45039094   -0.00000143
 O   -0.34720820   -4.39599058   -0.00006018
 C    0.68555186   -1.96774072    0.00009643
 C   -0.39819324   -0.62525385   -2.36969241
 C   -0.39818096   -0.62518011    2.36965103
 C    0.43093145    2.16238959   -2.36001364
 C    0.43092639    2.16238845    2.36003941
 C   -0.50155925    3.50416994    0.00000313
 H    2.62595260   -1.92289553   -0.00001860
 H   -2.40896851   -0.74369939   -2.47830784
 H   -2.40896708   -0.74370630    2.47830463
 H    0.41503211   -1.53846350   -4.02818780
 H    0.41503366   -1.53846461    4.02818861
 H    2.46766119    2.30565377   -2.48231133
 H    2.46766458    2.30565780    2.48231115
 H   -0.35510141    3.09341149   -4.03316550
 H   -0.35509708    3.09342053    4.03316472
 H   -2.56052078    3.56567464   -0.00000036
 H    0.17173972    5.45034575   -0.00000151
 O   -0.35149393   -4.39452723   -0.00006335
 C    0.69254905   -1.96955435    0.00010150
 C   -0.40039500   -0.62648798   -2.36980344
 C   -0.40038208   -0.62641036    2.36975988
 C    0.43179943    2.16215967   -2.35956319
 C    0.43179411    2.16215847    2.35959032
 C   -0.50171684    3.50409268    0.00000330
 H    2.62631637   -1.91943909   -0.00001958
 H   -2.40896258   -0.74373743   -2.47836017
 H   -2.40896108   -0.74374470    2.47835680
 H    0.41511513   -1.53824221   -4.02830228
 H    0.41511676   -1.53824337    4.02830313
 H    2.46753887    2.30571414   -2.48231961
 H    2.46754244    2.30571838    2.48231942
 H   -0.35520546    3.09313461   -4.03315980
 H   -0.35520090    3.09314412    4.03315898
 H   -2.56052066    3.56568147   -0.00000038
 H    0.17176342    5.45030055   -0.00000159
